5.444959970191121101e-04
2.186920028179883957e-04
1.941800001077353954e-04
1.960269873961806297e-04
1.838789903558790684e-04
1.881380449049174786e-04
1.852459972724318504e-04
1.889129634946584702e-04
1.908470294438302517e-04
1.947249984368681908e-04
1.951890299096703529e-04
2.044730354100465775e-04
1.974010374397039413e-04
1.938150380738079548e-04
2.056119847111403942e-04
1.977629726752638817e-04
2.123829908668994904e-04
2.036719815805554390e-04
1.939570065587759018e-04
2.055119839496910572e-04
2.070879563689231873e-04
2.041269908659160137e-04
2.117890398949384689e-04
2.175139961764216423e-04
2.019600360654294491e-04
2.096139942295849323e-04
2.029190072789788246e-04
2.087420434691011906e-04
2.124370075762271881e-04
2.149600186385214329e-04
2.174960100091993809e-04
2.065459848381578922e-04
2.186229685321450233e-04
2.143660094588994980e-04
2.062019775621592999e-04
2.209149533882737160e-04
2.255809959024190903e-04
2.126629697158932686e-04
2.220009919255971909e-04
2.117660478688776493e-04
2.203669864684343338e-04
2.288059913553297520e-04
2.232700353488326073e-04
2.278540050610899925e-04
2.171850064769387245e-04
2.110149944201111794e-04
2.209749654866755009e-04
2.101630088873207569e-04
2.077579847536981106e-04
2.097950200550258160e-04
2.178929862566292286e-04
2.086670137941837311e-04
2.194909611716866493e-04
2.119370037689805031e-04
2.157519920729100704e-04
2.142279990948736668e-04
2.122450387105345726e-04
2.080699778161942959e-04
2.118299598805606365e-04
2.133760135620832443e-04
2.097919932566583157e-04
2.170589868910610676e-04
2.179549774155020714e-04
2.113520167768001556e-04
2.111619687639176846e-04
2.091819769702851772e-04
2.077859826385974884e-04
2.092609647661447525e-04
2.072459901683032513e-04
2.088609617203474045e-04
2.169680083170533180e-04
2.136219991371035576e-04
2.097029937431216240e-04
2.038920065388083458e-04
2.308670082129538059e-04
2.158890129067003727e-04
2.096520038321614265e-04
2.170630032196640968e-04
2.147739869542419910e-04
2.061729901470243931e-04
2.170989755541086197e-04
2.045700093731284142e-04
2.111649955622851849e-04
2.108220360241830349e-04
2.046109875664114952e-04
2.143820165656507015e-04
2.146000042557716370e-04
2.087969915010035038e-04
2.172159729525446892e-04
2.150069922208786011e-04
2.122410223819315434e-04
2.093429793603718281e-04
2.164489706046879292e-04
2.062789862975478172e-04
2.172620152123272419e-04
2.235890133306384087e-04
2.069280017167329788e-04
2.125710016116499901e-04
2.189630176872014999e-04
2.013349439948797226e-04
2.067480236291885376e-04
2.069289912469685078e-04
2.031489857472479343e-04
2.108080079779028893e-04
2.075289958156645298e-04
2.095820382237434387e-04
2.141089644283056259e-04
2.108820481225848198e-04
2.215389977209270000e-04
2.117599942721426487e-04
2.002049586735665798e-04
2.131080254912376404e-04
2.073040232062339783e-04
2.090439666062593460e-04
2.018439699895679951e-04
2.105910098180174828e-04
2.077730023302137852e-04
2.074330113828182220e-04
2.131999935954809189e-04
2.149760257452726364e-04
2.066969755105674267e-04
2.134349779225885868e-04
2.194380504079163074e-04
2.049460308626294136e-04
2.211300306953489780e-04
2.160579897463321686e-04
2.092299982905387878e-04
2.168589853681623936e-04
2.118539996445178986e-04
2.099419943988323212e-04
2.154490211978554726e-04
2.126229810528457165e-04
2.139600110240280628e-04
2.070249756798148155e-04
2.011739998124539852e-04
2.126909676007926464e-04
2.080679987557232380e-04
2.020410029217600822e-04
2.057320089079439640e-04
2.099630073644220829e-04
2.046310110017657280e-04
2.096929820254445076e-04
2.123599988408386707e-04
2.117149997502565384e-04
2.129729837179183960e-04
2.060629776678979397e-04
2.098589902743697166e-04
2.024259883910417557e-04
2.107080072164535522e-04
2.120159915648400784e-04
2.132300287485122681e-04
2.183990436606109142e-04
2.145870239473879337e-04
2.064790460281074047e-04
2.182750031352043152e-04
2.142749726772308350e-04
2.082929713651537895e-04
2.120689605362713337e-04
2.129100030288100243e-04
2.046709996648132801e-04
2.142380108125507832e-04
2.166650374419987202e-04
2.143120509572327137e-04
2.070880145765841007e-04
2.198159927502274513e-04
2.099240082316100597e-04
2.029340248554944992e-04
2.126970211975276470e-04
2.116350224241614342e-04
2.098989789374172688e-04
2.093070070259273052e-04
2.150119980797171593e-04
2.178089926019310951e-04
2.096839598380029202e-04
2.098929835483431816e-04
2.107589971274137497e-04
2.010379685088992119e-04
2.091979840770363808e-04
2.063619904220104218e-04
2.050150069408118725e-04
2.141580334864556789e-04
2.113170339725911617e-04
2.183740143664181232e-04
2.062039566226303577e-04
2.069670008495450020e-04
2.032140037044882774e-04
2.092699869535863400e-04
2.125449827872216702e-04
2.090639900416135788e-04
2.116849645972251892e-04
2.128329942934215069e-04
2.090180059894919395e-04
2.135070390067994595e-04
2.053729840554296970e-04
2.162460004910826683e-04
2.136219991371035576e-04
2.061479608528316021e-04
2.290320117026567459e-04
2.075340016745030880e-04
2.112159854732453823e-04
2.113200025632977486e-04
2.085329615511000156e-04
2.011850010603666306e-04
2.117650001309812069e-04
2.083770232275128365e-04
1.991210156120359898e-04
2.096809912472963333e-04
2.013990306295454502e-04
2.094120136462152004e-04
2.085270243696868420e-04
2.062370185740292072e-04
2.120509743690490723e-04
2.169620129279792309e-04
2.081459970213472843e-04
2.151560038328170776e-04
2.135779941454529762e-04
2.156710252165794373e-04
2.132079680450260639e-04
2.022089902311563492e-04
2.079739933833479881e-04
2.084039733745157719e-04
2.027879818342626095e-04
2.086280146613717079e-04
2.078780089505016804e-04
2.010539756156504154e-04
2.126719919033348560e-04
2.120549906976521015e-04
1.992799807339906693e-04
2.061130362562835217e-04
2.021489781327545643e-04
2.272480051033198833e-04
2.087930333800613880e-04
2.053979551419615746e-04
2.112929942086338997e-04
2.135559916496276855e-04
2.026960137300193310e-04
2.109979977831244469e-04
2.187349600717425346e-04
2.170969964936375618e-04
2.140760188922286034e-04
2.116329851560294628e-04
2.095669624395668507e-04
2.277099993079900742e-04
2.166720223613083363e-04
2.103850129060447216e-04
2.124740276485681534e-04
2.222509938292205334e-04
2.119000419043004513e-04
2.073540235869586468e-04
2.095850068144500256e-04
2.079090336337685585e-04
2.124960301443934441e-04
2.037869999185204506e-04
2.090770285576581955e-04
2.171589876525104046e-04
2.032240154221653938e-04
2.090159687213599682e-04
2.085759770125150681e-04
2.087139873765408993e-04
2.269260003231465816e-04
2.158039715141057968e-04
2.083809813484549522e-04
2.140179858542978764e-04
2.041900297626852989e-04
2.136640250682830811e-04
2.160310395993292332e-04
2.165419864468276501e-04
2.107750042341649532e-04
2.167299971915781498e-04
2.098499680869281292e-04
2.101529971696436405e-04
2.068399917334318161e-04
2.031439798884093761e-04
2.104360028170049191e-04
2.361699589528143406e-04
2.077780081890523434e-04
2.054529613815248013e-04
2.098889672197401524e-04
2.146540209650993347e-04
2.031499752774834633e-04
2.089129993692040443e-04
2.103740116581320763e-04
2.008180017583072186e-04
2.112580114044249058e-04
2.072270144708454609e-04
2.038140082731842995e-04
2.174329711124300957e-04
2.073880168609321117e-04
1.999260275624692440e-04
2.104500308632850647e-04
2.079629921354353428e-04
2.054290380328893661e-04
2.092089853249490261e-04
2.053150092251598835e-04
1.999750384129583836e-04
2.188680227845907211e-04
2.135519753210246563e-04
2.101610298268496990e-04
2.180149895139038563e-04
2.134040114469826221e-04
2.081270213238894939e-04
2.128470223397016525e-04
2.142629818990826607e-04
2.099460107274353504e-04
2.075189840979874134e-04
2.111889771185815334e-04
2.080129925161600113e-04
2.106369938701391220e-04
2.099310513585805893e-04
2.171859960071742535e-04
2.215779968537390232e-04
2.068390022031962872e-04
2.135310205630958080e-04
2.110170316882431507e-04
2.111759968101978302e-04
2.098340191878378391e-04
2.058069803752005100e-04
2.053290372714400291e-04
2.160500152967870235e-04
2.102429862134158611e-04
2.057040110230445862e-04
2.114779781550168991e-04
2.073479699902236462e-04
2.026830334216356277e-04
2.093730145134031773e-04
2.128980122506618500e-04
2.068480243906378746e-04
2.053210046142339706e-04
2.078519901260733604e-04
2.010639873333275318e-04
2.169419894926249981e-04
2.129389904439449310e-04
2.086839522235095501e-04
2.128509804606437683e-04
2.125829923897981644e-04
2.096630050800740719e-04
2.106309984810650349e-04
2.159409923478960991e-04
2.084950101561844349e-04
2.189400256611406803e-04
2.147029736079275608e-04
2.146390033885836601e-04
2.237500157207250595e-04
2.099670236930251122e-04
2.047939924523234367e-04
2.099789562635123730e-04
2.170870429836213589e-04
2.112620277330279350e-04
2.180019509978592396e-04
2.152430242858827114e-04
2.164209727197885513e-04
2.148839994333684444e-04
2.168759820051491261e-04
2.124919556081295013e-04
2.027439768426120281e-04
2.094549708999693394e-04
2.024450222961604595e-04
2.086670137941837311e-04
2.285870141349732876e-04
2.135020331479609013e-04
2.082659630104899406e-04
2.133119851350784302e-04
2.040059771388769150e-04
2.118459669873118401e-04
2.136409748345613480e-04
2.066079759970307350e-04
2.157220151275396347e-04
2.096699899993836880e-04
2.100790152326226234e-04
2.173369866795837879e-04
2.158059505745768547e-04
2.100259880535304546e-04
2.150610089302062988e-04
2.166999620385468006e-04
2.118980046361684799e-04
2.215050044469535351e-04
2.251439727842807770e-04
2.135779941454529762e-04
2.186070196330547333e-04
2.188279759138822556e-04
2.113620284944772720e-04
2.192609827034175396e-04
2.158030401915311813e-04
2.170619554817676544e-04
2.172550302930176258e-04
2.316990285180509090e-04
2.201939933001995087e-04
2.191539970226585865e-04
2.126030158251523972e-04
2.206829958595335484e-04
2.160959993489086628e-04
2.274779835715889931e-04
2.391329617239534855e-04
2.191739622503519058e-04
2.222119946964085102e-04
2.209370140917599201e-04
2.165099722333252430e-04
2.214969717897474766e-04
2.236290019936859608e-04
2.160189906135201454e-04
2.257360029034316540e-04
2.247130032628774643e-04
2.274419530294835567e-04
2.234189887531101704e-04
2.226899960078299046e-04
2.118230331689119339e-04
2.265290240757167339e-04
2.206150093115866184e-04
2.165419864468276501e-04
2.278279862366616726e-04
2.254429855383932590e-04
2.195429988205432892e-04
2.266159863211214542e-04
2.202349714934825897e-04
2.132760128006339073e-04
2.309110132046043873e-04
2.217260189354419708e-04
2.171419910155236721e-04
2.194580156356096268e-04
2.184089971706271172e-04
2.111869980581104755e-04
2.351599978283047676e-04
2.450940082781016827e-04
2.137339906767010689e-04
2.213239786215126514e-04
2.207779907621443272e-04
2.084380248561501503e-04
2.246539806947112083e-04
2.139260177500545979e-04
2.114620292559266090e-04
2.129439963027834892e-04
2.168340142816305161e-04
2.120200078934431076e-04
2.167110214941203594e-04
2.132729860022664070e-04
2.217119908891618252e-04
2.079940168187022209e-04
2.077590324915945530e-04
2.208160003647208214e-04
2.156620030291378498e-04
2.123169833794236183e-04
2.113819937221705914e-04
2.074580406770110130e-04
2.146210172213613987e-04
2.122109872289001942e-04
2.085709711536765099e-04
2.116539981216192245e-04
2.147560007870197296e-04
2.084749867208302021e-04
2.168149803765118122e-04
2.092219656333327293e-04
2.089209738187491894e-04
2.076579839922487736e-04
2.040240215137600899e-04
2.154040266759693623e-04
2.150849904865026474e-04
2.117720432579517365e-04
2.190339728258550167e-04
2.089060144498944283e-04
2.060969709418714046e-04
2.173500251956284046e-04
2.170309890061616898e-04
2.164200413972139359e-04
2.181539894081652164e-04
2.167579950764775276e-04
2.083970466628670692e-04
2.601810265332460403e-04
2.089460031129419804e-04
2.071240451186895370e-04
2.146259648725390434e-04
2.166819758713245392e-04
2.103060251101851463e-04
2.189800143241882324e-04
2.124320017173886299e-04
2.035020152106881142e-04
2.261949703097343445e-04
2.127840416505932808e-04
2.212089602835476398e-04
2.099890261888504028e-04
2.074109506793320179e-04
2.004909911192953587e-04
2.070560003630816936e-04
2.123140147887170315e-04
2.160419826395809650e-04
2.133839880116283894e-04
2.044740249402821064e-04
2.176889684051275253e-04
2.124809543602168560e-04
2.116379910148680210e-04
2.192530082538723946e-04
2.021369873546063900e-04
2.269480028189718723e-04
2.070959890261292458e-04
2.024890272878110409e-04
2.130520297214388847e-04
2.088239998556673527e-04
2.041650004684925079e-04
2.104270388372242451e-04
2.126499894075095654e-04
2.055709483101963997e-04
2.153440145775675774e-04
2.123679732903838158e-04
2.052849740721285343e-04
2.153950044885277748e-04
2.143059973604977131e-04
2.050329931080341339e-04
2.146800397895276546e-04
2.119549899362027645e-04
2.104869927279651165e-04
2.119329874403774738e-04
2.101410063914954662e-04
2.222720067948102951e-04
2.207190264016389847e-04
2.128499909304082394e-04
2.202020259574055672e-04
2.188520156778395176e-04
2.132529625669121742e-04
2.369350404478609562e-04
2.439019735902547836e-04
2.253960119560360909e-04
2.335410099476575851e-04
2.293339930474758148e-04
2.332769799977540970e-04
2.410949673503637314e-04
4.579889937303960323e-04
5.668079829774796963e-04
5.443809786811470985e-04
5.757680046372115612e-04
5.755880265496671200e-04
5.760639905929565430e-04
5.728279938921332359e-04
5.518450052477419376e-04
5.521689890883862972e-04
5.302780191414058208e-04
5.600550211966037750e-04
4.528940189629793167e-04
4.440720076672732830e-04
3.846990293823182583e-04
4.528459976427257061e-04
4.399389727041125298e-04
4.501480143517255783e-04
5.454549682326614857e-04
5.149810458533465862e-04
5.017360090278089046e-04
5.003309925086796284e-04
4.946959670633077621e-04
5.031169857829809189e-04
4.971550079062581062e-04
4.925780231133103371e-04
5.619360017590224743e-04
4.927759873680770397e-04
4.825439536944031715e-04
4.619250539690256119e-04
4.496279871091246605e-04
4.598899977281689644e-04
4.289280041120946407e-04
4.343210021033883095e-04
4.103740211576223373e-04
4.080409999005496502e-04
4.371710238046944141e-04
4.324869951233267784e-04
4.466680111363530159e-04
4.268970224075019360e-04
2.927119494415819645e-04
2.679759636521339417e-04
2.615099656395614147e-04
2.434210036881268024e-04
4.055430181324481964e-04
4.022310022264719009e-04
3.966189688071608543e-04
4.235549713484942913e-04
3.887339844368398190e-04
3.671709564514458179e-04
3.978079766966402531e-04
4.176709917373955250e-04
4.792760009877383709e-04
6.635639583691954613e-04
4.532460006885230541e-04
4.389260429888963699e-04
3.798709949478507042e-04
3.898889990523457527e-04
4.170869942754507065e-04
4.415949806571006775e-04
4.687039763666689396e-04
4.396130098029971123e-04
4.545139963738620281e-04
4.621040425263345242e-04
3.959480090998113155e-04
2.574049867689609528e-04
2.549079945310950279e-04
2.500020200386643410e-04
2.364209503866732121e-04
2.484240103513002396e-04
2.452460466884076595e-04
2.307599643245339394e-04
2.396780182607471943e-04
2.323839580640196800e-04
2.314090379513800144e-04
2.591740339994430542e-04
3.316720249131321907e-04
3.249169676564633846e-04
3.320310497656464577e-04
3.477350110188126564e-04
3.291429602541029453e-04
3.320309915579855442e-04
3.426469629630446434e-04
3.660089569166302681e-04
3.621029900386929512e-04
3.464519977569580078e-04
3.423320013098418713e-04
3.479319857433438301e-04
3.677050117403268814e-04
3.823989536613225937e-04
3.814179799519479275e-04
3.623320371843874454e-04
3.605039673857390881e-04
3.622360527515411377e-04
3.601650241762399673e-04
3.570079570636153221e-04
3.730959724634885788e-04
3.487989888526499271e-04
3.446560003794729710e-04
3.594040172174572945e-04
2.895499928854405880e-04
2.452409826219081879e-04
2.341039944440126419e-04
2.376930206082761288e-04
2.333949669264256954e-04
2.428630250506103039e-04
2.394460025243461132e-04
2.233100240118801594e-04
2.280299668200314045e-04
2.296149614267051220e-04
2.235660213045775890e-04
2.112730289809405804e-04
2.249639946967363358e-04
2.214459818787872791e-04
2.135499962605535984e-04
2.205180353485047817e-04
2.290920238010585308e-04
2.177529968321323395e-04
2.238779561594128609e-04
2.241029869765043259e-04
2.167530474252998829e-04
2.195260021835565567e-04
2.237030421383678913e-04
2.210300299338996410e-04
2.126240287907421589e-04
2.227249788120388985e-04
2.172950189560651779e-04
2.210770035162568092e-04
2.191659878008067608e-04
2.178429858759045601e-04
2.411170280538499355e-04
2.221990143880248070e-04
2.178929862566292286e-04
2.176740090362727642e-04
2.204349730163812637e-04
2.271190169267356396e-04
2.201540046371519566e-04
2.150330110453069210e-04
2.139580319635570049e-04
2.156650298275053501e-04
2.133380039595067501e-04
2.125719911418855190e-04
2.108599874190986156e-04
3.822640283033251762e-04
2.130760112777352333e-04
2.173510147258639336e-04
2.117750118486583233e-04
2.072870265692472458e-04
2.130580251105129719e-04
2.040360122919082642e-04
2.084250445477664471e-04
2.127619809471070766e-04
2.066930173896253109e-04
2.107819891534745693e-04
2.171990345232188702e-04
2.106740139424800873e-04
2.141320146620273590e-04
2.040329854935407639e-04
2.143279998563230038e-04
2.148090279661118984e-04
2.066160086542367935e-04
2.158710267394781113e-04
2.153189852833747864e-04
2.072969800792634487e-04
2.174580004066228867e-04
2.117760013788938522e-04
2.070419723168015480e-04
2.152210217900574207e-04
2.098510158248245716e-04
2.136989496648311615e-04
2.158990246243774891e-04
2.074459916912019253e-04
2.132070367224514484e-04
2.125480095855891705e-04
2.092079957947134972e-04
2.089000190608203411e-04
2.118579577654600143e-04
2.101170248351991177e-04
2.158429706469178200e-04
2.117329859174787998e-04
2.069320180453360081e-04
2.161090378649532795e-04
2.136900438927114010e-04
2.097149845212697983e-04
2.049549948424100876e-04
2.116249524988234043e-04
2.196209970861673355e-04
2.042849664576351643e-04
2.151259686797857285e-04
2.108890330418944359e-04
2.179790171794593334e-04
2.203540061600506306e-04
2.176959533244371414e-04
2.196079585701227188e-04
2.260570181533694267e-04
2.210760139860212803e-04
2.050269977189600468e-04
2.146299812011420727e-04
2.141660079360008240e-04
2.075880183838307858e-04
2.139140269719064236e-04
2.134390524588525295e-04
2.087180037051439285e-04
2.158540301024913788e-04
2.091730129905045033e-04
2.090990310534834862e-04
2.139360294677317142e-04
2.075730008073151112e-04
2.138179843313992023e-04
2.153950044885277748e-04
2.112200018018484116e-04
5.684429779648780823e-04
5.793080199509859085e-04
6.036729901097714901e-04
5.278379539959132671e-04
5.178459687158465385e-04
5.021950346417725086e-04
5.264400388114154339e-04
5.236800061538815498e-04
5.393479950726032257e-04
5.759819759987294674e-04
4.525409894995391369e-04
4.151270259171724319e-04
4.075969918631017208e-04
4.271260113455355167e-04
4.639549879357218742e-04
4.556399653665721416e-04
4.052779986523091793e-04
4.034329904243350029e-04
3.944030031561851501e-04
3.693539765663444996e-04
4.634460201486945152e-04
1.880240160971879959e-04
1.872309949249029160e-04
1.814279821701347828e-04
1.888039987534284592e-04
1.864840160124003887e-04
1.830749679356813431e-04
2.179699949920177460e-04
1.890090061351656914e-04
1.858340110629796982e-04
1.901390496641397476e-04
1.918640336953103542e-04
1.926600234583020210e-04
2.067139721475541592e-04
2.077239914797246456e-04
2.071259659714996815e-04
2.190649975091218948e-04
2.044470165856182575e-04
2.123150043189525604e-04
2.118530101142823696e-04
2.226420328952372074e-04
2.206499921157956123e-04
2.063970314338803291e-04
2.125530154444277287e-04
2.131579676643013954e-04
2.123590093106031418e-04
2.249009557999670506e-04
2.222820185124874115e-04
2.142279990948736668e-04
2.241199836134910583e-04
2.209360245615243912e-04
2.125770552083849907e-04
2.167769707739353180e-04
2.138609997928142548e-04
2.216260181739926338e-04
2.189240185543894768e-04
2.215669956058263779e-04
2.146780025213956833e-04
2.140720025636255741e-04
2.088589826598763466e-04
2.150439540855586529e-04
2.129010390490293503e-04
2.035999787040054798e-04
2.184520126320421696e-04
2.138079726137220860e-04
2.226369688287377357e-04
2.176639973185956478e-04
2.080639824271202087e-04
2.226529759354889393e-04
2.068040193989872932e-04
2.103460137732326984e-04
2.141039585694670677e-04
2.083890140056610107e-04
2.133920206688344479e-04
2.146919723600149155e-04
2.245649811811745167e-04
2.112300135195255280e-04
2.185619669035077095e-04
2.241939655505120754e-04
2.150990185327827930e-04
2.283999929204583168e-04
2.079159603454172611e-04
2.143530291505157948e-04
2.116340328939259052e-04
2.075909869745373726e-04
2.162660239264369011e-04
2.193819964304566383e-04
2.094029914587736130e-04
2.202949835918843746e-04
2.217559958808124065e-04
2.112929942086338997e-04
2.249539829790592194e-04
2.095389645546674728e-04
2.152710221707820892e-04
2.081730053760111332e-04
2.160129952244460583e-04
2.124559832736849785e-04
2.107319887727499008e-04
2.236120053566992283e-04
2.320859930478036404e-04
2.121109864674508572e-04
2.223019837401807308e-04
2.099479897879064083e-04
2.107360051013529301e-04
2.154649700969457626e-04
2.123189624398946762e-04
2.051490009762346745e-04
2.170539810322225094e-04
2.154440153390169144e-04
2.134660026058554649e-04
2.163610188290476799e-04
2.166630001738667488e-04
2.102699945680797100e-04
2.200430026277899742e-04
2.293729921802878380e-04
2.195039996877312660e-04
2.125530154444277287e-04
2.062090206891298294e-04
2.112180227413773537e-04
2.130120410583913326e-04
2.171290107071399689e-04
2.139839925803244114e-04
2.123280428349971771e-04
2.059199614450335503e-04
2.131380024366080761e-04
2.097369870170950890e-04
2.095969975925981998e-04
2.182390308007597923e-04
2.110039931721985340e-04
2.054920187219977379e-04
2.119709970429539680e-04
2.134299720637500286e-04
2.084219595417380333e-04
2.128380001522600651e-04
2.077780081890523434e-04
2.165730111300945282e-04
2.121930010616779327e-04
2.082280116155743599e-04
2.137889969162642956e-04
2.108589978888630867e-04
2.107809996232390404e-04
2.200260059908032417e-04
2.191180246882140636e-04
2.094310475513339043e-04
2.280290354974567890e-04
2.132129739038646221e-04
2.163650351576507092e-04
2.156519913114607334e-04
2.115000388585031033e-04
2.116850228048861027e-04
2.067810273729264736e-04
2.158799907192587852e-04
2.126039471477270126e-04
2.073930227197706699e-04
2.162560122087597847e-04
2.050430048257112503e-04
2.180949668399989605e-04
2.106539905071258545e-04
2.073830110020935535e-04
2.144660102203488350e-04
2.117319963872432709e-04
2.066029701381921768e-04
2.151919761672616005e-04
2.106709871441125870e-04
2.103790175169706345e-04
2.090330235660076141e-04
2.206679782830178738e-04
2.069300389848649502e-04
2.131140208803117275e-04
2.121899742633104324e-04
2.079599653370678425e-04
2.148610074073076248e-04
2.105970052070915699e-04
2.130430075339972973e-04
2.084959996864199638e-04
2.127339830622076988e-04
2.018110244534909725e-04
2.153390087187290192e-04
2.124650054611265659e-04
2.182640018872916698e-04
2.120779827237129211e-04
2.066090237349271774e-04
2.037369995377957821e-04
2.126579638570547104e-04
2.092189970426261425e-04
2.086570020765066147e-04
2.163800527341663837e-04
2.080659614875912666e-04
2.116760006174445152e-04
2.114429953508079052e-04
2.136430121026933193e-04
2.183329779654741287e-04
2.210779930464923382e-04
2.165350015275180340e-04
2.042709966190159321e-04
2.077849931083619595e-04
2.108659828081727028e-04
2.054950455203652382e-04
2.165500191040337086e-04
2.057870151475071907e-04
2.102060243487358093e-04
2.105400199070572853e-04
2.041799598373472691e-04
2.136920229531824589e-04
2.267159870825707912e-04
2.187750069424510002e-04
2.070299815386533737e-04
2.105690073221921921e-04
2.070019836537539959e-04
2.055590157397091389e-04
2.136690309271216393e-04
2.095130039379000664e-04
2.060309634543955326e-04
2.136999974027276039e-04
2.134999958798289299e-04
2.041389816440641880e-04
2.121270517818629742e-04
2.055199583992362022e-04
2.077809767797589302e-04
2.034910139627754688e-04
2.056430093944072723e-04
2.129960339516401291e-04
2.106439787894487381e-04
2.058930112980306149e-04
2.109710476361215115e-04
2.098539844155311584e-04
2.024560235440731049e-04
2.058409736491739750e-04
2.078430261462926865e-04
2.016020007431507111e-04
2.180070150643587112e-04
2.119700075127184391e-04
2.044650027528405190e-04
2.130049979314208031e-04
2.080549602396786213e-04
2.222339971922338009e-04
2.072490169666707516e-04
1.994159538298845291e-04
2.094859955832362175e-04
2.093759831041097641e-04
2.038839738816022873e-04
2.076430246233940125e-04
2.139999996870756149e-04
2.070130431093275547e-04
2.162439632229506969e-04
2.137320116162300110e-04
2.044390421360731125e-04
2.160529838874936104e-04
2.078489633277058601e-04
2.156880218535661697e-04
2.069940092042088509e-04
2.027240116149187088e-04
2.106080064550042152e-04
2.104800078086555004e-04
2.065440057776868343e-04
2.270509721711277962e-04
2.111920039169490337e-04
2.034140052273869514e-04
2.153199748136103153e-04
2.121180295944213867e-04
2.032740158028900623e-04
2.103989827446639538e-04
2.029830357059836388e-04
2.104679588228464127e-04
2.183750038966536522e-04
2.134520327672362328e-04
2.123069716617465019e-04
2.092779614031314850e-04
2.113049849867820740e-04
2.029410097748041153e-04
2.101749996654689312e-04
2.148740459233522415e-04
2.110099885612726212e-04
2.037250087596476078e-04
2.054609940387308598e-04
2.054329961538314819e-04
2.048489986918866634e-04
2.066339948214590549e-04
2.059769467450678349e-04
2.081610145978629589e-04
2.046339795924723148e-04
2.085349988192319870e-04
2.170730149373412132e-04
2.081699785776436329e-04
2.114439848810434341e-04
2.169859944842755795e-04
2.064160071313381195e-04
1.999210217036306858e-04
2.115809475071728230e-04
2.060399856418371201e-04
2.139200223609805107e-04
2.143579768016934395e-04
2.117989934049546719e-04
2.062069834209978580e-04
2.160069998353719711e-04
2.107640029862523079e-04
2.182149910368025303e-04
2.092319773510098457e-04
2.144440077245235443e-04
2.001799875870347023e-04
2.071449998766183853e-04
2.052059862762689590e-04
1.995720085687935352e-04
2.168889623135328293e-04
2.151430235244333744e-04
2.080060075968503952e-04
2.136150142177939415e-04
2.111350186169147491e-04
2.158859861083328724e-04
2.071379567496478558e-04
2.048210008069872856e-04
2.053530188277363777e-04
2.069059992209076881e-04
2.072670031338930130e-04
2.034589997492730618e-04
2.039509708993136883e-04
2.061320119537413120e-04
2.152799861505627632e-04
2.118980046361684799e-04
2.083370345644652843e-04
2.153230016119778156e-04
2.113190130330622196e-04
2.069380134344100952e-04
2.098039840348064899e-04
2.088109613396227360e-04
2.064040163531899452e-04
2.108999760821461678e-04
2.063499996438622475e-04
2.014830242842435837e-04
2.042090054601430893e-04
1.963489921763539314e-04
2.064650179818272591e-04
2.118239644914865494e-04
2.153830137103796005e-04
2.096809912472963333e-04
2.066520391963422298e-04
2.250719699077308178e-04
2.004070556722581387e-04
2.098029945045709610e-04
2.076560049317777157e-04
2.127719926647841930e-04
2.037899685092270374e-04
2.055510412901639938e-04
1.997200306504964828e-04
2.131119836121797562e-04
2.104039886035025120e-04
2.085660235024988651e-04
2.289959811605513096e-04
2.180839655920863152e-04
2.179809962399303913e-04
2.095209783874452114e-04
2.069110050797462463e-04
2.018479863181710243e-04
2.088740002363920212e-04
2.063210122287273407e-04
1.973350299522280693e-04
2.044439897872507572e-04
2.067969762720167637e-04
1.999349915422499180e-04
2.064459840767085552e-04
2.106259926222264767e-04
2.085689920932054520e-04
2.128809574060142040e-04
1.982470275834202766e-04
2.067330060526728630e-04
2.050270559266209602e-04
2.083419822156429291e-04
2.093609655275940895e-04
2.057689707726240158e-04
1.986080314964056015e-04
2.071189810521900654e-04
2.009280142374336720e-04
2.076190430670976639e-04
2.049340400844812393e-04
2.076940145343542099e-04
2.130980137735605240e-04
2.122860169038176537e-04
2.029770403169095516e-04
2.137519768439233303e-04
2.109690103679895401e-04
1.991380122490227222e-04
2.106730244122445583e-04
2.058770041912794113e-04
2.106940373778343201e-04
2.170359948650002480e-04
2.076759701594710350e-04
2.133270027115941048e-04
2.162429736927151680e-04
2.127439947798848152e-04
2.024300047196447849e-04
2.080710255540907383e-04
2.069229958578944206e-04
2.021089894697070122e-04
2.084650332108139992e-04
2.071870258077979088e-04
2.028780290856957436e-04
2.076150267384946346e-04
2.013269695453345776e-04
2.301969798281788826e-04
2.092100330628454685e-04
2.000639797188341618e-04
2.069409820251166821e-04
2.103649894706904888e-04
2.049040049314498901e-04
2.112330403178930283e-04
2.071399940177798271e-04
2.211740356869995594e-04
2.162830205634236336e-04
2.037910162471234798e-04
2.101539866998791695e-04
2.190379891544580460e-04
2.134810201823711395e-04
2.040049876086413860e-04
2.151560038328170776e-04
2.171489759348332882e-04
2.091870410367846489e-04
2.097199903801083565e-04
2.084309817291796207e-04
2.062520361505448818e-04
2.112760557793080807e-04
2.078150282613933086e-04
1.993989571928977966e-04
2.087460015900433064e-04
2.106360043399035931e-04
2.008929732255637646e-04
2.136850380338728428e-04
2.060639671981334686e-04
2.137019764631986618e-04
2.140930155292153358e-04
2.076000091619789600e-04
2.134399837814271450e-04
2.019139938056468964e-04
2.064350410364568233e-04
2.121930010616779327e-04
2.088819746859371662e-04
2.041200059466063976e-04
2.066479646600782871e-04
2.060210099443793297e-04
1.976990024559199810e-04
2.118650008924305439e-04
2.132239751517772675e-04
2.074810327030718327e-04
2.136779949069023132e-04
2.109000342898070812e-04
2.084529842250049114e-04
2.139629796147346497e-04
2.218110021203756332e-04
2.081780112348496914e-04
2.076469827443361282e-04
2.012149780057370663e-04
2.151509979739785194e-04
2.136629773303866386e-04
2.069100155495107174e-04
2.126090112142264843e-04
2.042480045929551125e-04
2.111619687639176846e-04
2.116970135830342770e-04
2.112020156346261501e-04
2.229160163551568985e-04
2.143739839084446430e-04
2.036629593931138515e-04
2.071349881589412689e-04
2.063430147245526314e-04
1.997840008698403835e-04
2.089220215566456318e-04
2.093359944410622120e-04
2.081769634969532490e-04
2.183360047638416290e-04
2.133389934897422791e-04
2.044889843091368675e-04
2.164469915442168713e-04
2.130990033037960529e-04
2.008660230785608292e-04
2.217509900219738483e-04
2.020240062847733498e-04
2.026089932769536972e-04
2.112819929607212543e-04
2.026429865509271622e-04
2.038429956883192062e-04
2.071729977615177631e-04
2.004499547183513641e-04
2.088329638354480267e-04
2.061109989881515503e-04
2.087540342472493649e-04
2.117410185746848583e-04
2.068980247713625431e-04
2.252650447189807892e-04
2.298580366186797619e-04
2.054399810731410980e-04
2.100610290654003620e-04
2.069350448437035084e-04
2.041240222752094269e-04
2.134329988621175289e-04
2.074119984172284603e-04
2.250589895993471146e-04
2.063839929178357124e-04
2.012000186368823051e-04
2.095010131597518921e-04
2.053009811788797379e-04
2.161670126952230930e-04
2.298260224051773548e-04
2.065500011667609215e-04
2.276580198667943478e-04
2.272810088470578194e-04
1.987340510822832584e-04
2.064649597741663456e-04
1.980300294235348701e-04
2.129789791069924831e-04
2.109959605149924755e-04
2.063759602606296539e-04
2.150220097973942757e-04
2.118599950335919857e-04
2.075239899568259716e-04
2.123240265063941479e-04
2.079110126942396164e-04
2.176400157622992992e-04
2.084230072796344757e-04
2.013599732890725136e-04
2.089960034936666489e-04
2.073649666272103786e-04
1.989570446312427521e-04
2.071890048682689667e-04
2.061490085907280445e-04
2.149209612980484962e-04
2.143090241588652134e-04
2.060880069620907307e-04
2.158109564334154129e-04
2.067729947157204151e-04
2.000260283239185810e-04
2.072409843094646931e-04
2.104470040649175644e-04
2.274659927934408188e-04
2.099520061165094376e-04
1.988529693335294724e-04
2.068289904855191708e-04
2.026130096055567265e-04
1.989119919016957283e-04
2.079400001093745232e-04
2.049959730356931686e-04
2.012319746427237988e-04
2.066980232484638691e-04
2.139449934475123882e-04
2.071549533866345882e-04
2.274300204589962959e-04
2.133260131813585758e-04
2.003780100494623184e-04
2.090479829348623753e-04
2.029349561780691147e-04
2.101269783452153206e-04
2.121709985658526421e-04
2.051650080829858780e-04
2.159349969588220119e-04
2.113640075549483299e-04
2.088699839077889919e-04
2.200409653596580029e-04
2.152679953724145889e-04
2.069789916276931763e-04
2.080539707094430923e-04
2.062030253000557423e-04
2.097829710692167282e-04
2.210339880548417568e-04
1.993500045500695705e-04
2.059639664366841316e-04
2.076759701594710350e-04
2.078239922411739826e-04
2.044689608737826347e-04
2.081380225718021393e-04
2.079419791698455811e-04
1.989449956454336643e-04
2.072339993901550770e-04
2.040080144070088863e-04
2.101790159940719604e-04
2.134030219167470932e-04
2.069139736704528332e-04
2.104840241372585297e-04
2.129999920725822449e-04
1.998050138354301453e-04
2.094910014420747757e-04
2.054850338026881218e-04
2.039370010606944561e-04
2.044650027528405190e-04
1.981810200959444046e-04
2.052540075965225697e-04
2.098939730785787106e-04
2.020439715124666691e-04
2.088649780489504337e-04
2.031979965977370739e-04
2.134820097126066685e-04
2.071679919026792049e-04
2.009919844567775726e-04
2.070580376312136650e-04
2.120289718732237816e-04
2.050659968517720699e-04
2.150339423678815365e-04
2.086059539578855038e-04
2.111810026690363884e-04
2.055979566648602486e-04
1.975850318558514118e-04
2.126719919033348560e-04
2.137029659934341908e-04
2.120839781127870083e-04
2.144299796782433987e-04
2.052889904007315636e-04
2.167610218748450279e-04
2.071640337817370892e-04
2.106550382450222969e-04
2.003299887292087078e-04
2.137009869329631329e-04
2.070189802907407284e-04
1.995510538108646870e-04
2.089670160785317421e-04
2.017260412685573101e-04
2.065370208583772182e-04
2.057690289802849293e-04
2.032450283877551556e-04
2.066040178760886192e-04
2.062380081042647362e-04
2.077230019494891167e-04
2.132279914803802967e-04
2.099039847962558270e-04
2.061310224235057831e-04
2.001590328291058540e-04
2.143650199286639690e-04
2.214440028183162212e-04
2.051169867627322674e-04
2.086809836328029633e-04
2.045900328084826469e-04
1.984339905902743340e-04
2.052370109595358372e-04
2.038130187429487705e-04
1.992739853449165821e-04
2.142949961125850677e-04
2.134169917553663254e-04
2.073530340567231178e-04
2.168290084227919579e-04
2.149479696527123451e-04
1.992539619095623493e-04
2.108160406351089478e-04
2.228170051239430904e-04
2.004569978453218937e-04
2.093029906973242760e-04
2.093400107696652412e-04
2.076469827443361282e-04
1.993439509533345699e-04
2.102650469169020653e-04
2.055489458143711090e-04
1.989410375244915485e-04
2.082599676214158535e-04
2.060989500023424625e-04
2.010259777307510376e-04
2.064839936792850494e-04
2.075479715131223202e-04
2.082879655063152313e-04
2.136649563908576965e-04
2.226280048489570618e-04
2.073799842037260532e-04
2.218009904026985168e-04
2.086749882437288761e-04
2.098869881592690945e-04
2.132320078089833260e-04
2.105130115523934364e-04
2.093720249831676483e-04
2.079419791698455811e-04
2.016639919020235538e-04
2.048310125246644020e-04
2.065960434265434742e-04
2.023989800363779068e-04
2.070650225505232811e-04
2.063970314338803291e-04
2.007079892791807652e-04
2.092520007863640785e-04
2.044890425167977810e-04
2.049970207735896111e-04
2.084710285998880863e-04
2.109709894284605980e-04
2.124090096913278103e-04
2.102820435538887978e-04
2.029699971899390221e-04
2.074989606626331806e-04
2.065669978037476540e-04
2.045779838226735592e-04
2.109789638780057430e-04
2.118110423907637596e-04
2.066689776256680489e-04
2.131270011886954308e-04
2.048310125246644020e-04
2.137569827027618885e-04
2.157639828510582447e-04
2.064080326817929745e-04
2.142940065823495388e-04
2.025280264206230640e-04
2.096109674312174320e-04
2.020670217461884022e-04
2.048099995590746403e-04
2.061270060949027538e-04
2.052890486083924770e-04
2.070090267807245255e-04
2.054710057564079762e-04
1.987069845199584961e-04
2.086320309899747372e-04
2.103000297211110592e-04
2.022770349867641926e-04
2.077639801427721977e-04
1.974499900825321674e-04
2.124989987351000309e-04
2.075939555652439594e-04
2.051960327662527561e-04
2.035250072367489338e-04
2.136150142177939415e-04
2.074289950542151928e-04
2.002289984375238419e-04
2.052250201813876629e-04
2.072979696094989777e-04
2.013189950957894325e-04
2.095589879900217056e-04
2.032819902524352074e-04
2.046910231001675129e-04
2.098400145769119263e-04
2.028690068982541561e-04
2.145509934052824974e-04
2.117319963872432709e-04
2.027250011451542377e-04
2.113229711540043354e-04
2.094850060530006886e-04
1.994829508475959301e-04
2.087200409732758999e-04
2.127030165866017342e-04
2.050349721685051918e-04
2.141360309906303883e-04
2.174589899368584156e-04
2.140270080417394638e-04
2.046839799731969833e-04
2.173840184696018696e-04
2.148399944417178631e-04
2.110390341840684414e-04
2.197239664383232594e-04
2.266110386699438095e-04
2.074629883281886578e-04
2.095730160363018513e-04
2.089120098389685154e-04
2.232749830000102520e-04
2.147429622709751129e-04
2.071320195682346821e-04
2.102729631587862968e-04
2.216510474681854248e-04
2.099809935316443443e-04
2.123810118064284325e-04
2.110259956680238247e-04
2.087730099447071552e-04
2.088469918817281723e-04
2.044920111075043678e-04
2.072629868052899837e-04
2.108580083586275578e-04
2.062709536403417587e-04
2.125480095855891705e-04
2.097599790431559086e-04
2.160649746656417847e-04
2.064420259557664394e-04
1.989920274354517460e-04
2.071280032396316528e-04
2.113649970851838589e-04
2.012929762713611126e-04
2.110159839503467083e-04
2.059219987131655216e-04
1.993870246224105358e-04
2.084490261040627956e-04
2.019249950535595417e-04
2.109369961544871330e-04
2.092010108754038811e-04
2.019999665208160877e-04
2.153820241801440716e-04
2.162390155717730522e-04
2.052420168183743954e-04
2.147079794667661190e-04
2.088290057145059109e-04
2.146810293197631836e-04
2.101400168612599373e-04
2.065669978037476540e-04
2.062359708361327648e-04
2.029530005529522896e-04
2.104730228893458843e-04
2.082599676214158535e-04
2.016409998759627342e-04
2.090469934046268463e-04
2.071299823001027107e-04
2.047060406766831875e-04
2.117709955200552940e-04
2.140300348401069641e-04
2.064309665001928806e-04
2.153160166926681995e-04
2.044119755737483501e-04
2.038259990513324738e-04
2.101070131175220013e-04
2.072410425171256065e-04
2.053009811788797379e-04
2.139069838449358940e-04
2.105759922415018082e-04
2.136629773303866386e-04
2.158720162697136402e-04
2.021529944613575935e-04
2.096199896186590195e-04
2.124870079569518566e-04
2.082230057567358017e-04
2.087099710479378700e-04
2.046109875664114952e-04
2.065969747491180897e-04
2.085280138999223709e-04
2.107479958795011044e-04
2.163379685953259468e-04
2.059779944829642773e-04
2.050279872491955757e-04
1.967909629456698895e-04
2.078450052067637444e-04
2.088529872708022594e-04
2.061479608528316021e-04
2.135859685949981213e-04
2.068440080620348454e-04
2.110020141117274761e-04
2.105649909935891628e-04
2.214899868704378605e-04
2.060569822788238525e-04
2.052549971267580986e-04
2.041429979726672173e-04
2.152879606001079082e-04
2.112630172632634640e-04
2.091900096274912357e-04
2.152489614672958851e-04
2.042439882643520832e-04
2.095350064337253571e-04
2.067810273729264736e-04
2.009550225920975208e-04
2.117899712175130844e-04
2.059649559669196606e-04
2.028800081461668015e-04
2.089539775624871254e-04
2.095440286211669445e-04
2.040470135398209095e-04
1.984410337172448635e-04
2.071149647235870361e-04
2.081459970213472843e-04
2.029800089076161385e-04
2.058469690382480621e-04
2.002409892156720161e-04
2.060089609585702419e-04
2.120360150001943111e-04
2.057100064121186733e-04
2.149060019291937351e-04
2.124699531123042107e-04
2.067949972115457058e-04
2.175759873352944851e-04
2.160709700547158718e-04
2.060419647023081779e-04
2.084390143863856792e-04
2.054820070043206215e-04
2.035100478678941727e-04
2.109140041284263134e-04
2.027940354309976101e-04
2.078970428556203842e-04
2.119030104950070381e-04
2.016490325331687927e-04
2.094249939545989037e-04
2.177280257456004620e-04
2.003309782594442368e-04
2.065480221062898636e-04
2.036730293184518814e-04
2.081699785776436329e-04
2.052499912679195404e-04
2.142009907402098179e-04
2.125590108335018158e-04
2.127669868059456348e-04
2.081050188280642033e-04
2.164319739677011967e-04
2.069460460916161537e-04
2.137289848178625107e-04
2.294389996677637100e-04
2.215940039604902267e-04
2.165989717468619347e-04
2.087100292555987835e-04
2.039240207523107529e-04
1.996469800360500813e-04
2.085269661620259285e-04
2.091409987770020962e-04
1.999359810724854469e-04
2.044810098595917225e-04
1.967889838851988316e-04
2.169070066884160042e-04
2.058150130324065685e-04
1.994419726543128490e-04
2.111310022883117199e-04
2.125469618476927280e-04
2.090540365315973759e-04
2.075419761240482330e-04
2.143530291505157948e-04
2.149780048057436943e-04
2.088360488414764404e-04
1.985220005735754967e-04
2.266839728690683842e-04
2.094819792546331882e-04
2.015570062212646008e-04
2.062020357698202133e-04
2.026429865509271622e-04
2.074380172416567802e-04
2.112899674102663994e-04
2.097209799103438854e-04
2.151929656974971294e-04
2.153230016119778156e-04
2.216509892605245113e-04
2.077330136671662331e-04
2.035029465332627296e-04
2.159930299967527390e-04
2.318340120837092400e-04
2.090400084853172302e-04
2.005500136874616146e-04
2.128290361724793911e-04
2.081979764625430107e-04
2.000689855776727200e-04
2.078309771604835987e-04
2.077490207739174366e-04
2.047900343313813210e-04
2.059660037048161030e-04
2.083870349451899529e-04
2.041800180450081825e-04
2.070339978672564030e-04
2.156120026484131813e-04
2.087620086967945099e-04
2.151720109395682812e-04
2.134580281563103199e-04
2.113759983330965042e-04
2.147430204786360264e-04
2.096060197800397873e-04
2.159309806302189827e-04
2.076309756375849247e-04
2.149199717678129673e-04
2.122640144079923630e-04
2.061019768007099628e-04
2.028279704973101616e-04
2.157770213671028614e-04
2.140850410796701908e-04
2.122279838658869267e-04
2.160189906135201454e-04
2.123959711752831936e-04
2.070470363833010197e-04
2.161669544875621796e-04
2.022930420935153961e-04
2.084379666484892368e-04
2.107300097122788429e-04
2.055590157397091389e-04
2.085079904645681381e-04
2.080990234389901161e-04
2.065040171146392822e-04
2.154159592464566231e-04
2.093280199915170670e-04
2.007500152103602886e-04
2.087500179186463356e-04
2.068270114250481129e-04
2.114319941028952599e-04
2.095319796353578568e-04
2.091019996441900730e-04
2.007099683396518230e-04
2.125159953720867634e-04
2.091409987770020962e-04
2.021869877353310585e-04
2.094599767588078976e-04
2.052760100923478603e-04
2.061430132016539574e-04
2.148319617845118046e-04
2.067030291073024273e-04
2.150139771401882172e-04
2.116250107064843178e-04
2.148509956896305084e-04
2.176600391976535320e-04
2.186949714086949825e-04
2.150760265067219734e-04
2.090199850499629974e-04
2.070530317723751068e-04
1.990590244531631470e-04
2.096969983540475368e-04
2.097859978675842285e-04
2.076950040645897388e-04
2.145349862985312939e-04
2.091249916702508926e-04
2.085160231217741966e-04
2.168250503018498421e-04
2.147920313291251659e-04
2.117459662258625031e-04
2.115460229106247425e-04
2.084950101561844349e-04
2.050759503617882729e-04
2.123520243912935257e-04
2.166489721275866032e-04
2.060710103251039982e-04
2.084340085275471210e-04
2.154999529011547565e-04
2.081589773297309875e-04
2.178010181523859501e-04
2.129530184902250767e-04
2.162919845432043076e-04
2.171550295315682888e-04
2.043479471467435360e-04
2.121689612977206707e-04
2.175219706259667873e-04
2.112319925799965858e-04
2.174419932998716831e-04
2.144220052286982536e-04
2.074869698844850063e-04
2.144699683412909508e-04
2.102149883285164833e-04
2.035759971477091312e-04
2.069430192932486534e-04
2.003400004468858242e-04
2.105679595842957497e-04
2.056190278381109238e-04
2.060770057141780853e-04
2.118450356647372246e-04
2.052970230579376221e-04
2.069959882646799088e-04
2.152770175598561764e-04
2.093209768645465374e-04
2.103769802488386631e-04
2.156289992853999138e-04
2.062119892798364162e-04
2.122860169038176537e-04
2.112109796144068241e-04
2.070610062219202518e-04
2.288200194016098976e-04
2.079930272884666920e-04
2.021809923462569714e-04
2.133860252797603607e-04
2.083969884552061558e-04
2.132790395990014076e-04
2.102590515278279781e-04
2.071480266749858856e-04
2.165220212191343307e-04
2.084890147671103477e-04
2.154810354113578796e-04
2.158010029233992100e-04
2.141660079360008240e-04
2.075899974443018436e-04
2.133349771611392498e-04
2.100639976561069489e-04
2.247549709863960743e-04
2.307230024598538876e-04
2.069509937427937984e-04
2.154250396415591240e-04
2.132030203938484192e-04
2.062980202026665211e-04
2.140380092896521091e-04
2.135489485226571560e-04
2.052690251730382442e-04
2.171139931306242943e-04
2.081790007650852203e-04
2.091680071316659451e-04
2.273879945278167725e-04
2.246790099889039993e-04
2.138350391760468483e-04
2.301130443811416626e-04
2.139630378223955631e-04
2.251669648103415966e-04
2.137089613825082779e-04
2.079469850286841393e-04
2.166599733754992485e-04
2.229529782198369503e-04
2.086409949697554111e-04
2.205749624408781528e-04
2.013520570471882820e-04
2.055980148725211620e-04
2.159549621865153313e-04
2.208779915235936642e-04
2.096089883707463741e-04
2.134339883923530579e-04
2.096460084430873394e-04
2.130040084011852741e-04
2.055899822153151035e-04
2.174340188503265381e-04
2.123239682987332344e-04
2.040849649347364902e-04
2.151569933630526066e-04
2.107169711962342262e-04
2.165740006603300571e-04
2.226990181952714920e-04
2.217550063505768776e-04
2.118800184689462185e-04
2.090639900416135788e-04
2.117229741998016834e-04
2.130679786205291748e-04
2.110530040226876736e-04
2.132860245183110237e-04
2.165190526284277439e-04
2.128419582732021809e-04
2.093679504469037056e-04
2.128760097548365593e-04
2.141119912266731262e-04
2.055589575320482254e-04
2.164760371670126915e-04
2.116740215569734573e-04
2.163210301660001278e-04
2.086230088025331497e-04
2.035899669863283634e-04
2.083809813484549522e-04
2.075349912047386169e-04
2.092659706249833107e-04
2.184560289606451988e-04
2.169620129279792309e-04
2.167060156352818012e-04
2.148659550584852695e-04
2.098260447382926941e-04
2.098580007441341877e-04
2.149750362150371075e-04
2.111950307153165340e-04
2.086919848807156086e-04
2.141060540452599525e-04
2.053459757007658482e-04
2.107620239257812500e-04
2.171840169467031956e-04
2.073529758490622044e-04
2.157759736292064190e-04
2.239310415461659431e-04
2.082560095004737377e-04
2.027470036409795284e-04
2.175850095227360725e-04
2.066330052912235260e-04
2.153439563699066639e-04
2.143710153177380562e-04
2.060789847746491432e-04
2.141069853678345680e-04
2.140119904652237892e-04
1.998899970203638077e-04
2.102890284731984138e-04
2.025060239247977734e-04
2.085500163957476616e-04
2.069370239041745663e-04
2.020170213654637337e-04
2.060609986074268818e-04
2.095350064337253571e-04
2.035250072367489338e-04
2.097379765473306179e-04
2.151560038328170776e-04
2.081539714708924294e-04
2.119080163538455963e-04
2.117719850502908230e-04
2.060940023511648178e-04
2.072049537673592567e-04
2.070939517579972744e-04
2.099550329148769379e-04
1.996119972318410873e-04
2.089229528792202473e-04
2.099759876728057861e-04
2.042260020971298218e-04
2.116180257871747017e-04
2.133030211552977562e-04
2.090909983962774277e-04
2.077450044453144073e-04
2.129509812220931053e-04
2.078310353681445122e-04
2.161400043405592442e-04
2.141650184057652950e-04
2.186660422012209892e-04
2.096259850077331066e-04
2.068330068141222000e-04
2.030479954555630684e-04
2.109549823217093945e-04
2.066059969365596771e-04
2.016450162045657635e-04
2.093670191243290901e-04
2.073860378004610538e-04
2.146249753423035145e-04
2.161529846489429474e-04
2.084689913317561150e-04
2.171110245399177074e-04
2.158639836125075817e-04
2.069899928756058216e-04
2.128920168615877628e-04
2.150380169041454792e-04
2.113780356012284756e-04
2.135849790647625923e-04
2.047439920715987682e-04
1.993749756366014481e-04
2.134639653377234936e-04
2.125640166923403740e-04
2.073789946734905243e-04
2.162380260415375233e-04
2.264640061184763908e-04
2.144449972547590733e-04
2.063529682345688343e-04
2.069930196739733219e-04
2.278399770148098469e-04
